1 8384 0
2 8372 5
4 8380 5
5 8376 5
6 8344 5
7 8380 5
8 8280 5
9 8308 5
10 8388 5
11 8332 5
12 8316 5
13 8324 5
14 8236 5
15 8312 5
16 8320 5
17 8336 5
18 8296 5
19 8348 5
20 8340 5
21 8364 5
22 8364 5
23 8392 5
24 8396 5
25 8320 5
26 8348 5
27 8344 5
28 8408 5
29 8388 5
30 8376 5
31 8356 5
32 8352 5
33 8304 5
34 8332 5
35 8320 5
36 8292 5
37 8360 5
38 8320 5
39 8340 5
40 8384 5
41 8320 5
42 8284 5
43 8340 5
44 8436 5
45 8276 5
46 8316 5
47 8412 5
48 8188 5
49 8252 5
50 8268 5
51 8268 5
52 8264 5
53 8192 5
54 8276 5
55 8340 5
56 8208 5
57 8236 5
58 8236 5
59 8272 5
60 8232 5
61 8200 5
62 8272 5
63 8256 5
64 8208 5
65 8256 5
66 8212 5
67 8308 5
68 8240 5
69 8204 5
70 8132 5
71 8228 5
72 8292 5
73 8280 5
74 8256 5
75 8216 5
76 8164 5
77 8332 5
78 8236 5
79 8208 5
80 8156 5
81 8204 5
82 8240 5
83 8232 5
84 8232 5
85 8192 5
86 8128 5
87 8152 5
88 8164 5
89 8160 5
90 8008 5
91 8096 5
92 8104 5
93 8168 5
94 8060 5
95 8156 5
96 8036 5
97 8152 5
98 8188 5
99 8152 5
100 8072 5
101 8040 5
102 8000 5
103 8076 5
104 8084 5
105 8024 5
106 7976 5
107 7984 5
108 7852 5
109 8052 5
110 7980 5
111 7940 5
112 7808 5
113 7716 5
114 7784 5
115 7632 5
116 7664 5
117 7620 5
118 7604 5
119 7468 5
120 7388 5
121 7328 5
122 7280 5
123 7276 5
124 7264 5
125 7172 5
126 7244 5
127 7132 5
128 7148 5
129 7112 5
130 7124 5
132 7036 5
133 7024 5
134 7028 5
135 7048 5
136 6956 5
137 6948 5
138 6960 5
139 6904 5
140 6908 5
141 6904 5
142 6900 5
143 7004 5
144 6920 5
145 6976 5
146 6948 5
147 6972 5
148 7016 5
149 6988 5
150 6876 5
151 6924 5
152 7068 5
153 7056 5
154 7184 5
155 7252 5
156 7188 5
157 7224 5
158 7228 5
159 7348 5
160 7372 5
161 7344 5
162 7432 5
163 7396 5
164 7484 5
165 7492 5
166 7484 5
167 7592 5
168 7664 5
169 7800 5
170 7884 5
171 8140 5
172 8400 5
173 7940 5
174 8416 5
175 8260 5
176 8424 5
177 8580 5
178 8552 5
179 8756 5
180 9068 5
181 9044 5
182 9092 5
183 9344 5
184 9916 5
185 9096 5
186 9840 5
187 9712 5
188 10300 5
189 10252 5
190 10448 5
191 10084 5
192 10424 5
193 10440 5
194 10444 5
195 10492 5
196 10500 5
197 10384 5
198 10480 5
199 10120 5
200 10376 5
201 10348 5
202 10472 5
203 10468 5
204 10476 5
205 10528 5
206 10440 5
207 10312 5
208 10164 5
209 10396 5
210 10604 5
211 10548 5
212 10280 5
213 9920 5
214 10376 5
215 10380 5
216 9580 5
217 10292 5
218 9596 5
219 10352 5
220 10068 5
221 10188 5
222 10212 5
223 9816 5
224 10336 5
225 10420 5
226 10288 5
227 10184 5
228 9776 5
229 10280 5
230 10388 5
231 9480 5
232 10452 5
233 9672 5
234 10224 5
235 10164 5
236 10480 5
237 10428 5
238 10008 5
239 10744 5
240 10452 5
241 10500 5
242 10100 5
243 10156 5
244 10324 5
245 9840 5
246 10632 5
247 10196 5
248 10476 5
249 10516 5
250 10484 5
251 10720 5
252 10456 5
253 10736 5
254 10532 5
255 10696 5
256 10128 5
257 10480 5
258 10064 5
259 10300 5
260 10564 5
261 10648 5
262 10148 5
263 10100 5
264 10508 5
265 10520 5
266 10716 5
267 10688 5
268 10544 5
269 10444 5
270 10604 5
271 10448 5
272 9732 5
273 10660 5
274 10624 5
275 10580 5
276 10684 5
277 10556 5
278 10660 5
279 10736 5
280 10880 5
281 10916 5
282 10868 5
283 10824 5
284 10836 5
285 10364 5
286 10604 5
287 10696 5
288 10272 5
289 10696 5
290 10676 5
291 10952 5
292 10948 5
293 10300 5
294 10864 5
295 10356 5
296 10412 5
297 10484 5
298 9672 5
299 10156 5
300 10000 5
301 10176 5
302 9480 5
303 9612 5
304 9668 5
305 8692 5
306 9864 5
307 9844 5
308 9456 5
309 8696 5
310 8952 5
311 10052 5
312 9504 5
313 9372 5
314 9480 5
315 9500 5
316 9456 5
317 9200 5
318 9336 5
319 9320 5
320 9396 5
321 9144 5
322 9696 5
323 9460 5
324 9656 5
325 9776 5
326 9920 5
327 9968 5
328 9800 5
329 9804 5
330 9852 5
331 9848 5
332 10100 5
333 10356 5
334 10340 5
335 10504 5
336 10496 5
337 10528 5
338 10520 5
339 10312 5
340 10524 5
341 10504 5
342 10376 5
343 10472 5
344 10588 5
345 10664 5
346 10656 5
347 10412 5
348 10496 5
349 10380 5
350 10484 5
351 10468 5
352 10312 5
353 10396 5
354 10308 5
355 10452 5
356 10516 5
357 10444 5
358 10536 5
359 10480 5
360 10528 5
361 10496 5
362 10628 5
363 10632 5
364 10720 5
365 10544 5
366 10636 5
367 10604 5
368 10608 5
369 10636 5
370 10652 5
371 10664 5
372 10608 5
373 10564 5
374 10560 5
375 10604 5
376 10612 5
377 10640 5
378 10584 5
379 10632 5
380 10500 5
381 10632 5
382 10580 5
383 10552 5
384 10528 5
385 10572 5
386 10532 5
387 10592 5
388 10520 5
389 10600 5
390 10600 5
391 10608 5
392 10640 5
393 10640 5
394 10696 5
395 10644 5
396 10672 5
397 10672 5
398 10648 5
399 10632 5
400 10712 5
401 10644 5
402 10576 5
403 10664 5
404 10656 5
405 10624 5
406 10676 5
407 10624 5
408 10580 5
409 10580 5
410 10640 5
411 10700 5
412 10524 5
413 10568 5
414 10584 5
415 10560 5
416 10632 5
417 10600 5
418 10620 5
419 10560 5
420 10568 5
421 10560 5
422 10560 5
423 10516 5
424 10660 5
425 10544 5
426 10460 5
427 10440 5
428 10468 5
429 10436 5
430 10460 5
431 10396 5
432 10380 5
433 10380 5
434 10356 5
435 10364 5
436 10240 5
437 10220 5
438 10160 5
439 10212 5
440 10120 5
441 10068 5
442 9976 5
443 9936 5
444 9964 5
445 9800 5
446 9840 5
447 9624 5
448 9700 5
449 9584 5
450 9688 5
451 9600 5
452 9604 5
453 9656 5
454 9524 5
455 9448 5
456 9328 5
457 9372 5
458 9256 5
459 9196 5
460 9172 5
461 9276 5
462 9212 5
463 9276 5
464 9144 5
465 9244 5
466 9232 5
467 9284 5
468 9296 5
469 9180 5
470 9100 5
471 9252 5
472 9316 5
473 9272 5
474 9248 5
475 9220 5
476 9280 5
477 9332 5
478 9240 5
479 9344 5
480 9208 5
481 9288 5
482 9084 5
483 9232 5
484 9312 5
485 9164 5
486 9232 5
487 9204 5
488 9340 5
489 9160 5
490 9200 5
491 9236 5
492 9204 5
493 9288 5
494 9108 5
495 9236 5
496 9120 5
497 9088 5
498 9176 5
499 8996 5
500 9068 5
501 8904 5
502 8976 5
504 8984 5
505 9020 5
506 8908 5
507 9108 5
508 9168 5
509 9032 5
510 8932 5
511 8732 5
512 8732 5
513 8884 5
514 8880 5
515 8824 5
516 8748 5
517 8820 5
518 8944 5
519 9000 5
520 9052 5
521 9008 5
522 9124 5
523 9176 5
524 9120 5
525 9080 5
526 9120 5
527 9088 5
528 9180 5
529 9220 5
530 9124 5
531 9196 5
532 9176 5
533 9148 5
534 9168 5
536 9192 5
537 9292 5
538 9184 5
539 9168 5
540 9200 5
541 9172 5
542 9184 5
543 9168 5
544 9204 5
545 9184 5
546 9232 5
547 9152 5
548 9188 5
549 9204 5
550 9160 5
551 9120 5
552 9116 5
553 9120 5
554 9108 5
555 9172 5
556 9008 5
557 9132 5
558 9056 5
559 9124 5
560 9132 5
561 9076 5
562 8984 5
563 8968 5
564 8988 5
565 8948 5
566 8988 5
567 8936 5
568 9004 5
569 8992 5
570 8964 5
571 8940 5
572 8892 5
573 8916 5
574 9012 5
575 8984 5
576 8992 5
577 8916 5
578 8928 5
579 9004 5
580 9012 5
581 8964 5
582 8940 5
583 8964 5
584 8988 5
585 9012 5
586 8944 5
587 8924 5
588 8908 5
589 8880 5
590 8920 5
591 8892 5
592 8820 5
593 8884 5
594 8880 5
595 8892 5
596 8852 5
597 8832 5
599 8920 5
600 8840 5
601 8860 5
602 8820 5
603 8892 5
604 8920 5
605 8908 5
606 8848 5
607 8896 5
608 8904 5
609 8932 5
610 8896 5
611 8812 5
612 8964 5
